0.03590045
0.02856269
0.02542940
0.02472390
0.02387156
0.02291657
0.02205648
0.02202781
0.02157138
0.02113646
0.02052176
0.02094052
0.02042674
0.02042334
0.02007101
0.01980050
0.01917410
0.01972659
0.01941766
0.01913076
0.01882652
0.01915943
0.01909027
0.01866890
0.01893407
0.01896756
0.01859399
0.01826102
0.01844244
0.01838727
0.01786873
0.01691058
0.01684533
0.01640941
0.01607065
0.01656409
0.01555600
0.01596951
0.01531737
0.01540630
0.01495725
0.01501004
0.01530453
0.01484938
0.01486637
0.01455425
0.01439157
0.01336880
0.01171601
0.01040329
0.01007771
0.00923899
0.00904293
0.00891613
0.00847333
0.00779677
0.00723522
0.00737229
0.00735873
0.00737050
0.00682023
0.00688057
0.00637637
0.00642752
0.00626591
0.00621916
0.00587301
0.00619009
0.00565988
0.00550837
0.00555053
0.00533887
0.00538948
0.00526101
0.00513083
0.00518870
0.00478281
0.00498019
0.00486748
0.00490292
0.00470071
0.00454030
0.00465925
0.00439077
0.00444643
0.00448929
0.00406988
0.00435292
0.00421165
0.00384597
0.00376486
0.00369152
0.00359669
0.00388531
0.00362355
0.00360421
0.00346974
0.00358283
0.00352167
0.00358976
0.00350520
0.00327578
0.00342683
0.00331513
0.00319316
0.00318262
0.00376603
0.00339341
0.00323894
0.00304723
0.00311524
0.00305058
0.00308518
0.00299870
0.00300059
0.00303792
0.00283716
0.00329451
0.00291752
0.00278533
0.00281245
0.00276797
0.00289001
0.00273098
0.00311751
0.00329304
0.00275419
0.00302011
0.00282772
0.00248931
0.00269082
0.00239899
0.00255390
0.00258455
0.00268301
0.00266710
0.00257706
0.00253688
0.00237393
0.00267722
0.00254104
0.00248737
0.00234679
0.00236609
0.00282951
0.00275220
0.00235288
0.00224769
0.00263201
0.00249222
0.00220807
0.00230798
0.00250468
0.00223504
0.00219653
0.00227251
0.00260778
0.00229289
0.00259324
0.00246134
0.00221532
0.00208528
0.00220418
0.00229445
0.00229889
0.00239314
0.00214906
0.00210552
0.00232333
0.00207349
0.00198787
0.00222416
0.00215808
0.00204091
0.00218049
0.00220172
0.00214422
0.00208222
0.00212492
0.00211894
0.00206491
0.00208977
0.00187810
0.00188570
0.00196143
0.00200881
0.00197520
0.00195626
0.00197659
0.00193430
0.00209168
0.00202333
0.00197477
0.00199821
0.00189122
0.00216578
0.00182873
0.00191879
0.00178138
0.00199791
0.00204981
0.00182939
0.00173785
0.00177536
0.00193883
0.00197124
0.00171323
0.00172527
0.00181835
0.00174521
0.00172700
0.00174143
0.00170716
0.00193338
0.00172848
0.00172328
0.00184027
0.00173938
0.00159394
0.00162962
0.00160093
0.00177593
0.00173967
0.00197585
0.00181816
0.00157692
0.00155206
0.00195217
0.00175736
0.00155478
0.00147601
0.00154091
0.00159054
0.00162651
0.00159272
0.00155192
0.00159013
0.00169578
0.00180063
0.00158956
0.00152771
0.00160770
0.00144324
0.00159840
0.00145008
0.00145207
0.00153757
0.00149739
0.00150784
0.00151323
0.00156788
0.00184902
0.00152983
0.00166600
0.00156676
0.00144487
0.00133494
0.00131196
0.00153673
0.00153721
0.00139114
0.00150227
0.00139159
0.00142834
0.00131242
0.00143520
0.00139531
0.00149950
0.00136668
0.00129190
0.00131306
0.00134822
0.00152195
0.00161412
0.00135640
0.00132997
0.00134556
0.00134337
0.00140884
0.00142992
0.00139945
0.00140776
0.00130896
0.00119011
0.00118979
0.00128436
0.00139356
0.00120270
0.00128211
0.00124833
0.00121400
0.00117123
0.00131917
0.00140710
0.00141291
0.00119101
0.00127392
0.00118857
0.00127235
0.00128313
0.00124814
0.00113740
0.00129958
0.00111095
0.00110188
0.00116313
0.00113784
0.00131705
0.00161703
0.00141271
0.00117256
0.00105657
0.00105791
0.00099953
0.00115698
0.00116299
0.00101147
0.00101444
0.00115344
0.00107453
0.00122161
0.00111364
0.00117246
0.00129864
0.00111123
0.00109946
0.00122050
0.00111690
0.00102427
0.00100685
0.00106752
0.00118398
0.00099266
0.00105188
0.00098054
0.00104841
0.00098304
0.00101933
0.00104640
0.00109270
0.00102384
0.00099894
0.00104399
0.00116545
0.00100006
0.00108554
0.00123422
0.00120200
0.00101860
0.00098635
0.00093980
0.00093773
0.00092971
0.00109239
0.00109746
0.00099598
0.00111083
0.00105372
0.00102579
0.00114298
0.00096043
0.00129356
0.00110352
0.00084775
0.00081487
0.00079573
0.00085730
0.00094172
0.00108635
0.00118945
0.00104829
0.00089654
0.00090754
0.00083988
0.00090533
0.00093665
0.00096178
0.00130963
0.00102897
0.00090631
0.00089862
0.00106405
0.00105121
0.00095236
0.00087512
0.00083778
0.00084391
0.00095298
0.00095881
0.00087770
0.00099445
0.00103127
0.00105024
0.00088051
0.00076846
0.00083396
0.00085603
0.00084312
0.00092708
0.00084997
0.00104994
0.00097380
0.00084088
0.00097097
0.00100202
0.00090810
0.00087263
0.00086647
0.00091155
0.00079308
0.00083185
0.00095393
0.00080423
0.00087076
0.00087754
0.00082905
0.00089470
0.00092971
0.00080611
0.00075658
0.00080262
0.00078302
0.00081443
0.00079869
0.00082189
0.00096202
0.00091645
0.00091160
0.00086745
0.00077853
0.00077224
0.00090514
0.00085689
0.00088272
0.00079447
0.00080355
0.00076962
0.00084597
0.00083919
0.00095458
0.00086500
0.00073251
0.00082846
0.00080936
0.00079846
0.00086358
0.00102741
0.00091038
0.00077980
0.00084147
0.00068763
0.00075927
0.00068712
0.00071180
0.00079154
0.00081419
0.00101241
0.00092140
0.00073723
0.00097467
0.00080275
0.00070953
0.00072747
0.00067818
0.00072316
0.00070998
0.00075142
0.00074020
0.00083432
0.00089017
0.00072857
0.00083693
0.00071366
0.00070810
0.00079162
0.00074250
0.00072971
0.00073282
0.00075493
0.00079118
0.00087905
0.00074608
0.00071977
0.00068412
0.00075328
0.00073175
0.00078304
0.00082265
0.00094177
0.00066094
0.00067440
0.00067807
0.00079330
0.00085374
0.00072300
0.00073609
0.00063487
0.00069748
0.00069987
0.00068077
0.00066473
0.00067819
0.00066844
0.00073851
0.00092001
0.00081529
0.00072487
0.00066675
0.00066322
0.00066520
0.00066486
0.00070703
0.00074138
0.00070739
0.00077378
0.00072547
0.00069675
0.00067944
0.00068420
0.00078919
0.00070465
0.00074670
0.00066484
0.00061458
0.00066571
0.00065582
0.00075590
0.00076552
0.00064594
0.00076292
0.00064454
0.00071045
0.00084524
0.00078693
0.00065936
0.00055567
0.00055294
0.00058538
0.00064183
0.00060894
0.00074667
0.00070588
0.00068687
0.00073929
0.00079480
0.00068381
0.00071343
0.00063148
0.00097462
0.00065581
0.00061862
0.00054055
0.00054435
0.00057557
0.00064988
0.00067668
0.00071733
0.00070575
0.00060152
0.00053419
0.00053024
0.00059400
0.00057273
0.00064863
0.00076277
0.00067269
0.00067352
0.00061734
0.00065744
0.00061821
0.00064311
0.00064733
0.00067436
0.00069114
0.00059931
0.00061415
0.00060398
0.00067339
0.00072527
0.00074069
0.00076981
0.00064034
0.00061350
0.00071378
0.00060885
0.00056382
0.00056761
0.00060196
0.00058147
0.00055428
0.00067272
0.00062335
0.00059472
0.00057544
0.00055413
0.00081237
0.00073270
0.00062957
0.00066253
0.00058205
0.00054251
0.00086276
0.00085254
0.00060557
0.00047518
0.00046363
0.00046927
0.00051362
0.00068390
0.00055127
0.00055390
0.00059350
0.00060096
0.00067856
0.00067572
0.00056875
0.00060862
0.00065901
0.00054864
0.00052189
0.00052468
0.00054281
0.00059128
0.00087736
0.00078975
0.00065310
0.00057883
0.00051652
0.00051656
0.00048570
0.00050762
0.00050923
0.00073630
0.00076746
0.00063438
0.00053710
0.00047570
0.00053024
0.00054009
0.00054322
0.00052495
0.00057190
0.00062606
0.00062582
0.00057366
0.00055749
0.00051978
0.00052777
0.00050313
0.00055152
0.00063609
0.00070321
0.00064379
0.00053660
0.00057217
0.00086710
0.00060541
0.00054952
0.00045473
0.00052288
0.00047649
0.00055968
0.00066795
0.00062848
0.00065299
0.00054933
0.00050067
0.00046384
0.00046120
0.00055546
0.00066394
0.00059176
0.00049278
0.00053245
0.00057861
0.00053033
0.00059380
0.00053074
0.00049952
0.00052167
0.00060214
0.00058027
0.00051483
0.00054628
0.00045144
0.00047965
0.00062502
0.00073371
0.00079784
0.00063107
0.00054876
0.00045975
0.00049013
0.00049165
0.00047056
0.00052165
0.00047668
0.00054581
0.00067612
0.00061540
0.00063644
0.00070533
0.00049049
0.00048563
0.00047869
0.00047225
0.00049154
0.00055835
0.00049977
0.00044724
0.00044323
0.00046239
0.00054412
0.00055716
0.00061171
0.00063714
0.00055368
0.00051621
0.00046819
0.00045031
0.00050248
0.00052059
0.00047365
0.00044689
0.00051929
0.00058083
0.00060934
0.00061990
0.00061025
0.00052801
0.00056751
0.00052823
0.00046119
0.00044435
0.00047210
0.00043264
0.00044187
0.00049157
0.00048115
0.00059751
0.00059215
0.00063401
0.00052661
0.00047959
0.00047558
0.00049589
0.00044867
0.00045559
0.00049497
0.00058447
0.00053821
0.00055613
0.00052252
0.00062038
0.00049812
0.00043968
0.00047382
0.00044954
0.00043901
0.00042629
0.00045254
0.00045835
0.00051871
0.00065407
0.00065261
0.00059652
0.00047656
0.00043147
0.00045127
0.00046719
0.00051547
0.00050605
0.00051747
0.00047847
0.00047096
0.00048248
0.00046532
0.00050059
0.00043181
0.00044750
0.00047501
0.00047400
0.00045634
0.00054865
0.00060844
0.00049368
0.00050571
0.00045664
0.00045776
0.00043705
0.00045601
0.00048707
0.00050387
0.00062265
0.00053782
0.00050235
0.00071886
0.00060276
0.00048113
0.00043110
0.00037767
0.00037825
0.00037909
0.00037892
0.00041757
0.00051134
0.00055149
0.00060895
0.00058514
0.00045258
0.00041427
0.00044005
0.00043165
0.00042511
0.00045411
0.00046517
0.00043880
0.00049155
0.00047633
0.00050249
0.00045546
0.00049421
0.00063002
0.00059054
0.00059155
0.00043348
0.00040559
0.00043617
0.00043522
0.00047212
0.00043310
0.00039535
0.00048262
0.00045854
0.00041796
0.00044597
0.00047489
0.00050107
0.00046224
0.00041095
0.00040720
0.00042240
0.00045974
0.00061584
0.00063683
0.00054768
0.00067420
0.00053495
0.00041216
0.00037899
0.00034656
0.00034644
0.00037730
0.00046922
0.00046223
0.00055335
0.00045233
0.00043574
0.00043442
0.00043741
0.00039675
0.00040951
0.00044263
0.00046128
0.00052471
0.00050762
0.00047396
0.00044678
0.00041052
0.00045999
0.00042374
0.00042663
0.00053082
0.00054477
0.00045968
0.00039840
0.00041169
0.00039510
0.00036808
0.00041321
0.00043769
0.00058480
0.00056239
0.00052631
0.00044578
0.00037865
0.00035121
0.00037424
0.00037167
0.00042532
0.00041147
0.00051218
0.00046216
0.00047702
0.00045322
0.00050476
0.00052420
0.00048494
0.00041924
0.00047929
0.00043184
0.00039675
0.00037347
0.00037126
0.00039538
0.00041845
0.00045514
0.00064600
0.00055525
0.00043332
0.00039108
0.00039059
0.00034593
0.00040982
0.00038887
0.00037422
0.00038249
0.00040639
0.00041084
0.00042424
0.00049006
0.00043348
0.00054178
0.00049879
0.00043724
0.00041076
0.00040880
0.00036801
0.00042256
0.00055816
0.00054060
0.00062563
0.00043552
0.00039403
0.00033489
0.00035347
0.00039728
0.00039883
0.00044630
0.00045231
0.00046685
0.00042023
0.00039631
0.00037714
0.00041605
0.00043497
0.00041846
0.00046122
0.00052106
0.00043200
0.00044023
0.00035936
0.00038232
0.00042734
0.00040269
0.00038810
0.00046150
0.00044256
0.00041402
0.00042410
0.00041807
0.00041297
0.00037885
0.00038646
0.00038760
0.00039939
0.00036923
0.00037674
0.00046349
0.00054757
0.00050057
0.00047920
0.00042765
0.00038183
0.00032611
0.00040907
0.00043490
0.00041106
0.00042950
0.00037945
0.00040783
0.00037198
0.00036940
0.00038283
0.00041480
0.00052680
0.00051033
0.00045762
0.00045429
0.00043043
0.00033056
0.00037042
0.00033632
0.00036210
0.00036894
0.00037844
0.00037345
0.00037126
0.00038194
0.00052373
0.00054599
0.00046778
0.00049247
0.00036809
0.00036077
0.00043609
0.00038363
0.00034745
0.00031232
0.00031990
0.00033225
0.00034710
0.00044885
0.00045268
0.00048317
0.00043960
0.00040185
0.00042586
0.00037472
0.00036600
0.00037836
0.00039439
0.00046915
0.00042154
0.00045407
0.00036913
0.00032776
0.00033410
0.00038000
0.00040455
0.00039806
0.00040642
0.00039668
0.00039461
0.00042984
0.00041306
0.00038489
0.00037719
0.00037175
0.00035773
0.00040861
0.00042181
0.00041190
0.00074035
0.00046234
0.00039247
0.00038606
0.00035781
0.00036090
0.00031686
0.00034347
0.00037559
0.00038131
0.00051160
0.00044561
0.00038797
0.00034483
0.00033605
0.00032890
0.00030448
0.00035135
0.00035043
0.00043266
0.00047012
0.00041931
0.00042830
0.00037118
0.00039543
0.00040038
0.00035961
0.00031356
0.00031611
0.00037429
0.00041984
0.00040644
0.00035767
0.00037258
0.00039359
0.00042872
0.00047076
0.00044599
0.00037761
0.00033381
0.00033943
0.00039713
0.00035483
0.00031042
0.00030908
0.00036037
0.00038726
0.00036239
0.00039509
0.00041555
0.00051569
0.00047179
0.00039311
0.00034098
0.00033132
0.00034526
0.00032743
0.00031670
0.00033378
0.00034831
0.00037520
0.00046771
0.00053417
0.00044602
0.00039849
0.00035675
0.00035052
0.00032456
0.00028874
0.00034267
0.00040471
0.00052769
0.00051171
0.00042431
0.00035407
0.00030619
0.00027997
0.00028639
0.00031409
0.00037049
0.00035761
0.00035724
0.00038326
0.00038783
0.00045656
0.00049462
0.00041755
0.00039863
0.00034519
0.00030939
0.00033740
0.00035167
0.00035032
0.00033814
0.00043789
0.00044160
0.00035899
0.00030308
0.00029372
0.00068212
0.00037998
0.00030717
0.00040815
0.00033045
0.00031601
0.00033197
0.00033223
0.00028253
0.00032207
0.00041162
0.00034907
0.00034016
0.00033405
0.00042643
0.00042094
0.00036722
0.00035784
0.00039658
0.00032898
0.00032648
0.00032196
0.00035954
0.00035723
0.00036251
0.00035466
0.00033500
0.00033527
0.00031627
0.00031510
0.00035046
0.00033720
0.00038556
0.00037793
0.00033472
0.00034561
0.00033304
0.00039573
0.00045872
0.00047240
0.00034324
0.00036050
0.00028169
0.00031670
0.00035274
0.00037190
0.00036787
0.00039999
0.00040729
0.00037981
0.00033454
0.00033472
0.00033530
0.00031830
0.00033760
0.00044422
0.00044051
0.00033882
0.00030237
0.00028512
0.00030018
0.00030210
0.00033755
0.00040094
0.00042633
0.00035747
0.00041202
0.00035874
0.00033180
0.00031708
0.00034870
0.00035815
0.00033370
0.00036865
0.00033961
0.00031574
0.00032405
0.00032065
0.00036037
0.00032225
0.00038651
0.00036004
0.00034199
0.00033285
0.00030533
0.00034159
0.00035370
0.00038904
0.00033404
0.00029872
0.00029772
0.00031284
0.00038693
0.00036841
0.00034794
0.00040423
0.00036127
0.00035929
0.00034395
0.00034466
0.00039813
0.00038788
0.00033311
0.00031831
0.00028532
0.00028344
0.00029728
0.00036633
0.00035975
0.00041887
0.00045933
0.00033477
0.00030202
0.00028541
0.00026586
0.00027656
0.00030268
0.00035777
0.00047022
0.00049992
0.00036825
0.00031040
0.00029400
0.00028122
0.00029004
0.00033172
0.00035190
0.00036403
0.00037231
0.00036096
0.00035256
0.00031189
0.00030990
0.00035944
0.00031817
0.00031666
0.00035215
0.00035952
0.00035140
0.00036376
0.00030988
0.00029257
0.00028338
0.00030446
0.00029332
0.00034686
0.00036825
0.00037624
0.00034172
0.00033917
0.00036052
0.00032340
0.00029583
0.00034395
0.00035870
0.00030927
0.00032020
0.00032189
0.00032100
0.00035680
0.00034860
0.00031084
0.00032726
0.00037285
0.00032438
0.00032439
0.00035085
0.00032221
0.00032986
0.00030570
0.00031254
0.00030138
0.00033164
0.00033863
0.00033810
0.00033337
0.00034558
0.00036685
0.00036520
0.00032512
0.00029194
0.00027504
0.00027797
0.00026809
0.00030810
0.00035925
0.00044272
0.00036442
0.00037456
0.00031189
0.00028000
0.00026958
0.00028022
0.00035914
0.00033190
0.00034126
0.00030713
0.00031437
0.00033672
0.00034091
0.00030892
0.00028441
0.00033290
0.00035786
0.00034515
0.00034791
0.00032400
0.00028128
0.00028336
0.00028044
0.00031709
0.00033684
0.00032244
0.00031967
0.00032430
0.00034308
0.00032293
0.00029435
0.00033420
0.00034194
0.00031624
0.00029952
0.00033880
0.00041897
0.00035465
0.00027169
0.00026255
0.00027041
0.00027991
0.00033881
0.00034224
0.00032722
0.00034675
0.00033253
0.00049569
0.00034880
0.00029090
0.00026255
0.00026559
0.00028473
0.00028891
0.00033930
0.00038475
0.00034852
0.00031785
0.00029631
0.00029424
0.00029995
0.00027287
0.00026829
0.00025739
0.00028406
0.00037971
0.00036774
0.00033973
0.00039641
0.00031604
0.00029351
0.00027595
0.00027772
0.00027368
0.00027689
0.00030701
0.00028135
0.00030702
0.00044969
0.00038725
0.00036463
0.00031388
0.00042619
0.00031497
0.00027782
0.00025274
0.00026091
0.00024346
0.00031663
0.00032206
0.00034643
0.00035549
0.00034761
0.00029305
0.00031851
0.00028680
0.00030580
0.00027918
0.00029051
0.00028745
0.00028543
0.00030789
0.00035306
0.00029911
0.00038472
0.00032078
0.00033974
0.00028111
0.00028372
0.00026793
0.00029800
0.00028690
0.00028203
0.00029370
0.00032175
0.00031859
0.00030255
0.00030736
0.00027686
0.00028914
0.00035218
0.00032406
0.00030566
0.00031804
0.00028985
0.00030764
0.00028570
0.00027738
0.00036415
0.00033033
0.00031160
0.00027535
0.00027034
0.00028277
0.00030547
0.00054300
0.00042625
0.00034365
0.00024424
0.00023089
0.00023963
0.00026111
0.00024546
0.00028309
0.00034502
0.00036997
0.00034338
0.00027990
0.00026345
0.00023450
0.00025051
0.00028679
0.00030775
0.00033706
0.00032567
0.00030766
0.00033659
0.00029553
0.00026314
0.00029272
0.00028952
0.00032482
0.00030736
0.00032763
0.00031247
0.00029680
0.00031270
0.00029562
0.00027994
0.00027667
0.00025889
0.00027529
0.00029187
0.00040405
0.00040169
0.00034392
0.00026998
0.00024575
0.00022768
0.00023974
0.00024505
0.00029425
0.00031653
0.00033387
0.00037491
0.00034821
0.00029059
0.00028962
0.00030378
0.00026837
0.00027991
0.00027088
0.00028015
0.00028030
0.00028724
0.00028535
0.00030578
0.00032388
0.00034547
0.00031986
0.00035169
0.00034688
0.00026955
0.00024554
0.00024232
0.00022374
0.00024845
0.00028380
0.00030829
0.00036793
0.00036557
0.00036378
0.00030323
0.00030630
0.00027025
0.00026185
0.00031533
0.00030117
0.00026592
0.00023293
0.00025096
0.00027659
0.00040087
0.00030546
0.00029755
0.00031284
0.00037253
0.00033820
0.00026208
0.00024255
0.00024255
0.00028983
0.00024336
0.00026634
0.00025276
0.00025160
0.00024353
0.00029372
0.00034220
0.00037095
0.00036640
0.00034801
0.00029178
0.00025185
0.00025144
0.00022833
0.00028371
0.00026658
0.00025848
0.00027818
0.00027452
0.00029734
0.00026112
0.00031793
0.00029478
0.00030601
0.00027408
0.00027494
0.00025199
0.00029955
0.00027952
0.00028873
0.00029534
0.00031661
0.00030648
0.00034113
0.00033162
0.00030540
0.00028683
0.00025338
0.00025211
0.00025128
0.00023063
0.00025301
0.00027711
0.00028158
0.00028169
0.00028893
0.00027721
0.00027407
0.00031417
0.00033077
0.00029919
0.00029592
0.00028571
0.00027370
0.00030079
0.00028912
0.00026764
0.00025023
0.00029163
0.00031314
0.00027325
0.00030121
0.00031366
0.00027317
0.00024861
0.00026537
0.00025872
0.00029078
0.00028274
0.00029451
0.00027342
0.00030348
0.00029708
0.00025064
0.00026549
0.00026864
0.00034807
0.00029150
0.00036891
0.00033820
0.00027175
0.00023622
0.00023019
0.00021903
0.00025746
0.00026986
0.00025436
0.00029301
0.00028932
0.00040369
0.00037321
0.00033796
0.00028823
0.00026645
0.00023326
0.00024048
0.00024698
0.00025415
0.00028821
0.00027700
0.00031532
0.00027373
0.00025955
0.00026300
0.00028122
0.00029249
0.00029331
0.00029299
0.00026996
0.00024095
0.00022420
0.00022957
0.00024142
0.00026430
0.00033184
0.00030443
0.00027897
0.00028354
0.00028840
0.00033513
0.00031248
0.00028110
0.00025053
0.00024873
0.00025734
0.00025228
0.00025490
0.00027738
0.00025410
0.00028316
0.00028458
0.00027629
0.00030234
0.00029764
0.00029975
0.00029777
0.00025810
0.00023357
0.00030779
0.00029756
0.00032028
0.00025639
0.00025288
0.00026224
0.00030211
0.00027732
0.00028642
0.00025948
0.00026952
0.00026229
0.00023969
0.00029138
0.00036847
0.00028049
0.00023797
0.00024762
0.00022787
0.00026844
0.00025568
0.00027375
0.00030406
0.00029178
0.00026382
0.00026489
0.00030304
0.00028588
0.00031679
0.00026661
0.00025671
0.00024382
0.00022463
0.00025351
0.00025615
0.00029148
0.00028904
0.00024977
0.00024524
0.00025177
0.00025767
0.00033993
0.00026868
0.00028990
0.00029305
0.00025183
0.00022597
0.00025440
0.00026343
0.00025152
0.00025277
0.00025058
0.00027372
0.00032156
0.00034218
0.00039377
0.00030227
0.00025229
0.00023217
0.00021712
0.00021740
0.00022414
0.00028420
0.00027925
0.00026991
0.00040722
0.00041086
0.00026293
0.00021708
0.00022665
0.00021972
0.00020887
0.00023369
0.00028959
0.00034015
0.00036455
0.00029096
0.00023310
0.00023973
0.00025789
0.00022522
0.00025714
0.00026323
0.00025087
0.00026356
0.00030382
0.00036450
0.00038462
0.00025711
0.00023394
0.00021404
0.00021834
0.00023928
0.00023634
0.00027476
0.00037489
0.00035557
0.00033988
0.00026948
0.00021890
0.00020624
0.00019158
0.00019936
0.00020684
0.00025362
0.00030777
0.00033185
0.00028277
0.00031356
0.00024687
0.00023712
0.00022631
0.00025239
0.00025147
0.00024152
0.00027885
0.00028977
0.00024968
0.00025574
0.00023850
0.00028990
0.00029937
0.00033972
0.00024973
0.00024806
0.00023281
0.00020788
0.00021765
0.00023059
0.00024410
0.00037211
0.00038006
0.00038257
0.00028206
0.00025136
0.00022874
0.00020286
0.00019774
0.00019508
0.00020909
0.00022607
0.00026169
0.00027980
0.00032853
0.00030521
0.00024943
0.00029581
0.00025330
0.00024964
0.00023721
0.00023304
0.00024038
0.00030028
0.00030287
0.00027131
0.00025408
0.00027884
0.00023902
0.00034525
0.00026752
0.00023526
0.00023633
0.00022004
0.00021433
0.00021692
0.00023233
0.00022564
0.00023229
0.00027298
0.00031060
0.00026690
0.00025635
0.00024776
0.00026149
0.00027212
0.00025128
0.00032324
0.00028597
0.00026323
0.00023467
0.00027965
0.00023672
0.00024091
0.00022393
0.00020676
0.00020273
0.00025385
0.00032124
0.00033739
0.00026108
0.00027513
0.00024789
0.00022750
0.00022370
0.00022889
0.00023333
0.00026664
0.00024365
0.00030141
0.00028825
0.00026489
0.00025848
0.00023086
0.00021799
0.00023780
0.00026091
0.00029675
0.00026232
0.00024113
0.00023178
0.00024510
0.00029507
0.00028049
0.00026328
0.00025179
0.00025666
0.00024548
0.00024841
0.00023478
0.00028470
0.00024330
0.00022909
0.00021372
0.00022531
0.00023420
0.00028300
0.00028147
0.00029346
0.00025759
0.00024201
0.00022552
0.00022120
0.00021197
0.00024638
0.00025600
0.00028699
0.00030544
0.00032511
0.00026609
0.00033515
0.00025293
0.00020604
0.00021435
0.00021154
0.00020830
0.00026042
0.00025220
0.00025856
0.00022495
0.00023970
0.00024095
0.00032908
0.00027981
0.00024854
0.00026453
0.00023132
0.00022350
0.00021885
0.00024056
0.00027408
0.00028207
0.00024895
0.00022803
0.00034860
0.00031019
0.00024394
0.00020747
0.00023058
0.00021429
0.00023406
0.00025947
0.00023526
0.00023677
0.00026782
0.00024895
0.00025173
0.00026381
0.00026060
0.00032150
0.00023524
0.00021898
0.00021472
0.00019113
0.00022120
0.00023334
0.00025745
0.00026490
0.00031988
0.00027571
0.00031675
0.00029487
0.00026155
0.00021485
0.00019773
0.00019087
0.00021896
0.00023549
0.00028210
0.00028562
0.00024094
0.00023422
0.00023783
0.00027041
0.00022472
0.00021064
0.00022803
0.00048386
0.00047185
0.00027150
0.00022095
0.00021388
0.00019286
0.00019330
0.00020799
0.00021572
0.00023399
0.00024641
0.00026029
0.00024318
0.00021136
0.00020944
0.00023970
0.00024577
0.00023168
0.00025605
0.00023089
0.00025839
0.00025905
0.00027600
0.00027489
0.00027711
0.00023398
0.00024416
0.00024557
0.00025530
0.00029071
0.00030452
0.00025625
0.00020803
0.00020466
0.00019419
0.00019696
0.00021889
0.00023495
0.00027726
0.00046652
0.00039108
0.00029151
0.00023278
0.00020764
0.00020910
0.00019276
0.00017628
0.00019860
0.00019551
0.00021183
0.00024441
0.00026630
0.00028934
0.00027046
0.00027944
0.00023412
0.00024009
0.00021743
0.00023358
0.00021295
0.00022101
0.00023795
0.00028426
0.00027230
0.00028867
0.00023535
0.00023261
0.00022866
0.00021276
0.00030078
0.00029144
0.00023703
0.00021297
0.00019129
0.00019617
0.00021404
0.00027870
0.00032021
0.00025992
0.00025677
0.00021364
0.00020198
0.00019365
0.00021442
0.00023034
0.00022431
0.00023909
0.00023207
0.00024664
0.00023644
0.00024399
0.00028768
0.00024971
0.00026449
0.00023189
0.00023344
0.00022973
0.00023501
0.00026417
0.00026983
0.00028562
0.00026494
0.00028528
0.00026674
0.00025770
0.00020914
0.00018184
0.00020691
0.00021860
0.00021093
0.00024353
0.00023430
0.00023880
0.00023551
0.00026728
0.00026899
0.00024518
0.00022145
0.00020634
0.00021411
0.00020358
0.00020456
0.00025250
0.00024511
0.00024763
0.00028938
0.00025994
0.00024023
0.00024258
0.00022563
0.00022886
0.00023799
0.00022204
0.00022816
0.00025588
0.00021726
0.00025315
0.00021726
0.00024389
0.00023432
0.00019855
0.00026935
0.00023587
0.00021314
0.00019862
0.00021780
0.00023839
0.00025224
0.00025134
0.00028055
0.00025735
0.00021876
0.00022849
0.00024726
0.00023536
0.00030644
0.00023580
0.00021800
0.00020627
0.00022164
0.00026541
0.00026221
0.00025053
0.00025203
0.00020724
0.00020360
0.00021530
0.00020638
0.00020852
0.00021325
0.00020789
0.00023913
0.00023595
0.00026691
0.00027981
0.00024196
0.00024785
0.00026122
0.00029424
0.00024011
0.00022892
0.00020772
0.00019723
0.00019557
0.00020769
0.00024514
0.00026796
0.00026999
0.00022883
0.00020860
0.00022849
0.00026472
0.00026161
0.00024084
0.00027271
0.00022671
0.00020138
0.00018125
0.00017752
0.00019071
0.00020714
0.00030898
0.00024572
0.00023725
0.00023601
0.00024432
0.00026599
0.00022719
0.00022620
0.00022739
0.00020759
0.00020745
0.00020490
0.00020818
0.00020585
0.00022811
0.00025072
0.00026808
0.00025401
0.00022020
0.00023442
0.00021868
0.00021064
0.00019990
0.00024230
0.00024587
0.00026747
0.00023388
0.00020607
0.00020325
0.00021256
0.00023751
0.00025388
0.00023037
0.00026825
0.00028158
0.00023821
0.00021791
0.00021892
0.00019324
0.00020413
0.00021243
0.00021296
0.00025320
0.00024837
0.00022843
0.00020440
0.00026256
0.00023106
0.00023652
0.00022122
0.00021484
0.00021651
0.00019731
0.00027342
0.00028724
0.00024584
0.00025189
0.00022996
0.00021729
0.00019987
0.00021209
0.00021913
0.00020353
0.00019557
0.00018930
0.00020651
0.00019547
0.00022461
0.00024487
0.00025043
0.00025488
0.00022953
0.00022647
0.00022626
0.00020927
0.00028706
0.00028864
0.00025276
0.00021866
0.00023709
0.00022189
0.00019429
0.00019162
0.00019052
0.00018613
0.00018878
0.00022303
0.00025914
0.00023928
0.00023143
0.00022557
0.00029357
0.00027199
0.00023017
0.00021735
0.00021037
0.00019404
0.00017339
0.00016635
0.00017043
0.00022854
0.00024131
0.00026534
0.00027765
0.00024979
0.00021105
0.00019096
0.00020227
0.00021482
0.00023169
0.00026459
0.00026789
0.00023708
0.00022073
0.00019845
0.00021240
0.00021525
0.00021659
0.00028012
0.00028314
0.00023894
0.00021872
0.00022683
0.00018439
0.00017758
0.00019205
0.00021865
0.00030924
0.00029765
0.00025714
0.00022414
0.00019905
0.00017254
0.00017390
0.00016699
0.00018230
0.00022679
0.00028758
0.00026390
0.00025246
0.00025093
0.00021969
0.00019499
0.00021669
0.00020236
0.00021077
0.00020628
0.00021649
0.00022995
0.00024154
0.00021019
0.00020888
0.00022748
0.00023352
0.00021326
0.00023077
0.00021611
0.00021558
0.00020741
0.00019709
0.00021381
0.00023404
0.00028973
0.00021259
0.00022041
0.00020019
0.00019715
0.00022560
0.00022248
0.00027068
0.00023475
0.00020669
0.00031029
0.00024116
0.00022301
0.00018983
0.00018665
0.00021646
0.00019433
0.00022509
0.00019704
0.00019977
0.00020215
0.00020647
0.00019022
0.00019947
0.00022929
0.00023223
0.00020531
0.00022007
0.00023489
0.00028352
0.00028679
0.00022202
0.00021011
0.00018998
0.00018561
0.00020305
0.00022633
0.00021298
0.00022628
0.00020520
0.00021536
0.00020810
0.00021320
0.00030321
0.00025328
0.00020420
0.00017536
0.00019300
0.00021147
0.00026649
0.00026070
0.00028156
0.00022314
0.00018425
0.00017631
0.00018674
0.00018675
0.00020510
0.00024883
0.00027246
0.00025204
0.00025995
0.00022182
0.00018064
0.00018395
0.00018874
0.00022383
0.00020525
0.00020216
0.00023527
0.00027613
0.00022821
0.00024756
0.00023540
0.00020001
0.00021206
0.00020392
0.00020182
0.00018638
0.00017963
0.00021048
0.00021309
0.00022714
0.00026880
0.00021989
0.00019311
0.00019178
0.00023021
0.00024627
0.00027276
0.00025880
0.00022775
0.00024582
0.00026946
0.00022841
0.00019906
0.00017278
0.00017165
0.00016819
0.00018598
0.00021203
0.00021381
0.00023211
0.00023894
0.00024403
0.00021057
0.00024491
0.00023528
0.00019719
0.00024946
0.00021160
0.00023683
0.00018909
0.00016209
0.00017500
0.00019438
0.00020261
0.00023992
0.00026548
0.00025200
0.00025829
0.00024669
0.00020971
0.00019369
0.00017622
0.00018348
0.00024130
0.00025611
0.00026303
0.00024287
0.00024602
0.00020695
